0 0.246656 0.569933 0.493313 0.095422
0 0.342500 0.485622 0.391250 0.060133
0 0.089484 0.458300 0.178969 0.036600
0 0.373375 0.394644 0.334250 0.069289
0 0.089484 0.373856 0.178969 0.036600
0 0.377234 0.316989 0.291969 0.078422
0 0.091328 0.289156 0.182656 0.018311
0 0.304813 0.221700 0.315875 0.074511
0 0.732891 0.248233 0.253281 0.043133
0 0.938578 0.277511 0.214656 0.070578
0 0.941328 0.364833 0.188906 0.071889
0 0.944828 0.451378 0.214656 0.084978
0 0.845563 0.538167 0.266125 0.094111
0 0.717094 0.497122 0.209188 0.087578
0 0.718719 0.410978 0.237438 0.057511
0 0.724797 0.346278 0.224594 0.061444
0 1.000000 0.521044 0.181687 0.073200
0 1.000000 0.457911 0.171406 0.053600
0 1.000000 0.406800 0.176625 0.053600
0 1.000000 0.359478 0.174781 0.052289
0 1.000000 0.305100 0.174781 0.045756
0 1.000000 0.246933 0.165594 0.040533
0 0.056391 0.215289 0.112781 0.026133
