2 0.134555 0.380722 0.195672 0.394778
2 0.018438 0.404576 0.036875 0.236931
2 0.023734 0.335049 0.022469 0.064542
2 0.035816 0.346403 0.016945 0.040028
2 0.296102 0.416993 0.057828 0.322875
2 0.244109 0.431701 0.052281 0.288403
2 0.221965 0.299347 0.017367 0.037583
2 0.210063 0.292319 0.012313 0.031861
2 0.188512 0.306778 0.019211 0.058000
2 0.197195 0.295507 0.010016 0.032681
2 0.232809 0.023694 0.018742 0.047389
2 0.264008 0.055146 0.015516 0.110292
2 0.286203 0.053104 0.014594 0.106208
2 0.306281 0.058007 0.014125 0.116014
0 0.181977 0.364382 0.179578 0.159319
