2 0.035448 0.055474 0.028396 0.074836
2 0.046746 0.036242 0.010992 0.034150
2 0.060298 0.031307 0.013929 0.030392
2 0.076817 0.031078 0.011967 0.022711
2 0.095490 0.027811 0.019312 0.024511
2 0.112106 0.033137 0.015879 0.027942
2 0.123677 0.033807 0.022354 0.024836
2 0.143606 0.045507 0.025546 0.052125
2 0.128137 0.071225 0.030442 0.052450
2 0.105538 0.066814 0.022742 0.046406
2 0.082796 0.071961 0.034758 0.056700
2 0.052798 0.067599 0.030596 0.051308
2 0.083702 0.066454 0.027404 0.051797
0 0.110440 0.064706 0.020046 0.040522
0 0.059073 0.065833 0.015646 0.047222
0 0.083677 0.066471 0.025688 0.050164
0 0.110954 0.064592 0.018575 0.046406
0 0.132937 0.070017 0.020042 0.042811
0 0.143287 0.031568 0.019908 0.023692
0 0.084977 0.039461 0.008287 0.026144
0 0.097060 0.031732 0.008287 0.018464
0 0.108358 0.035817 0.007550 0.015522
