0 0.183894 0.349760 0.079327 0.550481
0 0.566106 0.354567 0.050481 0.531250
0 0.647837 0.356971 0.040865 0.473558
0 0.787260 0.359375 0.064904 0.487981
0 0.394231 0.361779 0.076923 0.512019
0 0.618990 0.364183 0.060096 0.564904
0 0.532452 0.371394 0.055288 0.492788
0 0.449519 0.372596 0.091346 0.504808
0 0.348558 0.373798 0.076923 0.497596
0 0.108173 0.373798 0.072115 0.531250
0 0.828125 0.376202 0.050481 0.449519
0 0.722356 0.379808 0.074519 0.451923
0 0.251202 0.384615 0.064904 0.485577
0 0.484375 0.384615 0.074519 0.538462
0 0.298077 0.387019 0.052885 0.485577
0 0.046875 0.394231 0.050481 0.500000
0 0.159856 0.396635 0.069712 0.466346
