0 1.000000 0.837500 0.435780 0.258333
0 1.000000 0.900000 0.330275 0.166667
0 0.669725 0.929167 0.568807 0.325000
0 1.000000 1.000000 0.440367 0.275000
0 1.000000 1.000000 0.426606 0.225000
0 1.000000 1.000000 0.330275 0.158333
0 0.646789 1.000000 0.623853 0.275000
0 1.000000 1.000000 0.431193 0.250000
0 1.000000 1.000000 0.316514 0.175000
0 1.000000 1.000000 0.399083 0.391667
0 1.000000 1.000000 0.311927 0.200000
0 0.605505 1.000000 0.743119 0.258333
0 1.000000 1.000000 0.389908 0.325000
0 1.000000 1.000000 0.330275 0.291667
0 1.000000 1.000000 0.527523 0.408333
0 0.550459 0.679167 0.651376 0.308333
0 1.000000 0.729167 0.325688 0.175000
0 1.000000 0.750000 0.463303 0.250000
